10002
10004
10005
10008
10009
10011
10013
10014
10015
10016
10017
10018
10019
10021
10022
10026
10027
10032
10033
10034
10036
10037
10038
10040
10041
10043
10046
10047
10050
10052
10060
10061
10063
10066
10067
10068
10069
10091
10092
10093
10094
10095
10101
10102
10103
10104
10111
10112
10113
10114
10118
10122
10123
10124
10125
10126
10127
10128
10130
10131
10132
10133
10134
10135
10136
10137
10177
10178
10209
10210
10235
10247
10248
10249
10251
10253
10254
10255
10256
10257
10259
15026
15030
15031
15032
15033
15034
15035
15036
15043
15044
15046
15047
15048
15049
15050
15051
15052
15053
15054
15055
15076
15123
15124
15125
15127
15133
15142
15146
15175
15176
15182
15183
15197
15199
15200
15201
15203
15204
15205
15206
15207
15212
15213
15216
15220
15221
15338
15434
15622
15623
15654
15706
15707
15708
15709
15823
15825
15828
15829
15830
15831
15832
15836
15838
15839
15840
15841
15893
15894
15895
15906
15907
15908
15969
20003
20004
20007
20008
20011
20012
20016
20021
20022
20023
20025
20026
20028
20031
20033
20034
20035
20036
20037
20038
20039
20040
20041
20042
20058
20061
20085
20089
20091
20092
20111
20112
20113
20114
20123
20125
20126
20127
20128
20129
20138
20139
20140
20141
20142
20144
20148
20151
20152
20153
20154
20155
20156
20164
20165
20166
20167
20170
20171
20179
20180
20182
20202
20211
20220
20234
20240
20241
20242
20243
20245
20246
20247
20248
20258
20323
20325
25006
25010
25027
25028
25029
25033
25034
25035
25042
25043
25050
25051
25052
25053
25054
25055
25129
25131
25159
25169
25172
25176
25179
25183
25185
25186
25188
25189
25190
25191
25193
25197
25224
25225
25328
25330
25331
25332
25333
25334
25335
25336
25337
25339
25340
25341
25443
25445
25446
25447
25469
25470
25520
25521
25594
25595
25597
25598
25600
25601
25603
25605
25609
25617
25618
25666
25668
25669
25835
25836
25853
25877
25878
25967
25968
30007
30010
30011
30012
30013
30014
30015
30016
30017
30018
30019
30020
30021
30022
30023
30024
30025
30026
30027
30031
30032
30033
30036
30042
30044
30045
30056
30057
30058
30059
30060
30061
30062
30063
30064
30066
30067
30070
30078
30079
30087
30088
30090
30091
30092
30093
30094
30095
30097
30098
30099
30100
30106
30120
30133
30137
30138
30140
30152
30166
30189
30203
30210
30211
30212
30215
30217
30218
30219
30226
30291
30292
35013
35026
35030
35032
35035
35039
35040
35043
35044
35045
35047
35049
35050
35117
35119
35120
35121
35122
35124
35125
35130
35157
35161
35178
35179
35203
35204
35205
35206
35207
35209
35215
35216
35218
35219
35220
35225
35228
35389
35418
35419
35600
35609
35637
35638
35645
35646
35685
35688
35689
35690
35695
35699
35700
35702
35703
35704
35705
35707
35708
35710
35711
35714
35742
35855
35856
35857
35858
40002
40003
40004
40005
40007
40008
40009
40010
40011
40012
40014
40015
40017
40019
40021
40022
40023
40024
40025
40026
40027
40028
40029
40030
40031
40032
40033
40036
40037
40038
40039
40040
40041
40042
40043
40044
40045
40046
40047
40048
40049
40050
40051
40052
40053
40054
40055
40057
40058
40059
40061
40065
40068
40070
40072
40074
40075
40076
40077
40078
40088
40089
40090
40091
40092
40095
40103
40104
40105
40106
40109
40110
40143
40144
40145
40146
40147
40148
40150
40153
40154
40155
40156
40183
40223
40227
40228
40231
40232
40233
40234
40235
40236
40246
40314
45036
45038
45045
45047
45049
45050
45051
45052
45053
45125
45126
45127
45128
45131
45132
45134
45136
45137
45161
45167
45168
45169
45209
45210
45211
45212
45213
45214
45215
45219
45220
45227
45237
45238
45269
45270
45271
45293
45298
45306
45397
45398
45400
45401
45505
45531
45663
45664
45665
45762
45792
45793
50003
50004
50005
50011
50012
50013
50014
50015
50017
50018
50019
50020
50021
50022
50024
50026
50027
50028
50029
50030
50061
50062
50063
50070
50072
50073
50074
50075
50076
50077
50078
50080
50087
50089
50090
50095
50097
50099
50100
50117
50129
50145
50163
50176
50178
50182
50186
50187
50189
50190
50191
50192
50194
50196
50197
50198
50199
50203
50205
50261
55023
55029
55030
55031
55032
55041
55045
55046
55050
55112
55116
55117
55118
55120
55121
55125
55126
55128
55180
55181
55183
55184
55187
55189
55190
55191
55193
55196
55198
55201
55202
55207
55208
55537
55691
55710
55717
55738
55741
55744
55746
55752
55753
55754
55821
55822
55823
56042
60001
60002
60008
60009
60012
60013
60015
60018
60034
60036
60037
60038
60039
60042
60043
60044
60045
60046
60047
60048
60049
60050
60051
60052
60053
60054
60055
60057
60058
60060
60090
60091
60094
60095
60097
60108
60110
60111
60113
60114
60115
60116
60118
60119
60120
60121
60130
60131
60147
60174
60193
60199
60201
60202
60203
60204
60206
60209
60210
60228
60282
65029
65031
65038
65044
65045
65047
65050
65119
65120
65125
65191
65199
65200
65457
65470
65619
65703
65711
65723
65727
65852
65858
65915
65916
66188
66360
70002
70034
70035
70036
70040
70042
70043
70044
70046
70047
70051
70054
70056
70061
70065
70066
70067
70076
70078
70080
70082
70083
70086
70089
70093
70096
70097
70099
70102
70106
70107
70125
70126
70143
70160
70210
70211
70212
70213
70214
70215
70216
70217
70219
70220
75009
75048
80007
80008
80010
80011
80012
80014
80015
80017
80018
80022
80023
80024
80026
80028
80029
80030
80031
80035
80036
80037
80038
80039
80040
80041
80042
80043
80045
80046
80047
80082
80083
80084
80085
80086
80087
80088
80092
80093
80094
80098
80099
80100
80103
80104
80105
80106
80107
80108
80117
80160
80168
80182
80183
80184
80185
80186
80187
80189
80190
80191
80205
80206
80264
85031
90001
90002
90003
90004
90005
90007
90008
90009
90010
90011
90012
90015
90016
90017
90018
90019
90020
90021
90022
90023
90024
90026
90027
90029
90030
90031
90032
90036
90037
90039
90040
90041
90058
90059
90061
90062
90064
90065
90066
90067
90068
90071
90072
90073
90075
90076
90086
90087
90088
90089
90090
90092
90093
90094
90095
90106
90107
90108
90109
90110
90111
90113
90114
90115
90116
90117
90118
90119
90120
90123
90124
90125
90128
90130
90136
90146
90148
90186
90187
90222
90223
90225
90226
90227
90229
90230
90231
90232
90233
90234
90293
A10024
A20023
A20024
A20029
A30031
A30035
A40029
A40032
A40033